0 0.0888671875 0.294921875 0.064453125 0.3134765625 0.017578125 0.3916015625 0.017578125 0.4443359375 0.0263671875 0.453125 0.0986328125 0.46875 0.1640625 0.4677734375 0.1884765625 0.443359375 0.2392578125 0.435546875 0.26953125 0.3916015625 0.255859375 0.3369140625 0.2294921875 0.28515625 0.1884765625 0.275390625 0.1474609375 0.275390625 0.0888671875 0.294921875
0 0.8056640625 0.517578125 0.7734375 0.5380859375 0.7490234375 0.587890625 0.705078125 0.6123046875 0.685546875 0.6806640625 0.6904296875 0.689453125 0.7685546875 0.708984375 0.8037109375 0.7109375 0.8271484375 0.705078125 0.8427734375 0.712890625 0.85546875 0.7119140625 0.8916015625 0.6796875 0.9443359375 0.671875 0.96484375 0.6435546875 0.96484375 0.6337890625 0.935546875 0.5576171875 0.9189453125 0.5390625 0.8837890625 0.525390625 0.8056640625 0.517578125
0 0.296875 0.5947265625 0.28125 0.5576171875 0.2705078125 0.548828125 0.1826171875 0.513671875 0.1181640625 0.50390625 0.10546875 0.5107421875 0.1015625 0.5263671875 0.0625 0.5654296875 0.052734375 0.5830078125 0.013671875 0.6181640625 0.0078125 0.6279296875 0.005859375 0.6611328125 0.0185546875 0.677734375 0.0380859375 0.685546875 0.1181640625 0.697265625 0.1357421875 0.708984375 0.15625 0.7099609375 0.169921875 0.7021484375 0.181640625 0.6748046875 0.1943359375 0.666015625 0.2294921875 0.654296875 0.2529296875 0.666015625 0.2763671875 0.662109375 0.294921875 0.6318359375 0.296875 0.5947265625
0 0.5693359375 0.29296875 0.5205078125 0.279296875 0.4716796875 0.28125 0.4306640625 0.296875 0.4091796875 0.3125 0.396484375 0.3310546875 0.390625 0.3779296875 0.361328125 0.4208984375 0.353515625 0.4560546875 0.35546875 0.4755859375 0.3603515625 0.482421875 0.4111328125 0.494140625 0.47265625 0.4970703125 0.5126953125 0.486328125 0.5341796875 0.46484375 0.5849609375 0.447265625 0.607421875 0.4228515625 0.607421875 0.3916015625 0.595703125 0.3623046875 0.591796875 0.3212890625 0.5693359375 0.29296875
0 0.306640625 0.1455078125 0.2861328125 0.07421875 0.2529296875 0.07421875 0.2314453125 0.0546875 0.1962890625 0.04296875 0.1123046875 0.0390625 0.1015625 0.0458984375 0.10546875 0.0634765625 0.08984375 0.0751953125 0.078125 0.1064453125 0.015625 0.1376953125 0.01953125 0.1767578125 0.013671875 0.2099609375 0.0263671875 0.22265625 0.0556640625 0.234375 0.125 0.2392578125 0.1826171875 0.234375 0.2099609375 0.203125 0.2392578125 0.1953125 0.2470703125 0.1875 0.2744140625 0.19140625 0.294921875 0.1787109375 0.3046875 0.1630859375 0.306640625 0.1455078125
0 0.599609375 0.5634765625 0.5703125 0.5224609375 0.5556640625 0.513671875 0.5107421875 0.505859375 0.4599609375 0.525390625 0.4228515625 0.52734375 0.41796875 0.5439453125 0.390625 0.5634765625 0.375 0.5908203125 0.341796875 0.6123046875 0.32421875 0.6513671875 0.328125 0.6767578125 0.3603515625 0.701171875 0.4599609375 0.703125 0.4775390625 0.720703125 0.501953125 0.7216796875 0.515625 0.7119140625 0.525390625 0.6845703125 0.5361328125 0.673828125 0.5927734375 0.673828125 0.603515625 0.6611328125 0.61328125 0.6142578125 0.61328125 0.5966796875 0.599609375 0.5634765625
0 0.8916015625 0.2890625 0.8466796875 0.28515625 0.7509765625 0.326171875 0.7294921875 0.328125 0.7177734375 0.345703125 0.69140625 0.3642578125 0.6796875 0.4345703125 0.671875 0.4501953125 0.671875 0.4658203125 0.6806640625 0.478515625 0.7607421875 0.498046875 0.828125 0.4990234375 0.8564453125 0.47265625 0.8896484375 0.4609375 0.9189453125 0.458984375 0.94921875 0.4248046875 0.94140625 0.4052734375 0.9375 0.3251953125 0.9033203125 0.3125 0.8916015625 0.2890625
0 0.9482421875 0.75 0.8603515625 0.736328125 0.7490234375 0.765625 0.734375 0.7744140625 0.712890625 0.8544921875 0.7197265625 0.87109375 0.7294921875 0.86328125 0.73828125 0.8720703125 0.7109375 0.8759765625 0.712890625 0.9150390625 0.7314453125 0.927734375 0.7802734375 0.943359375 0.8076171875 0.94921875 0.8369140625 0.947265625 0.85546875 0.9560546875 0.8701171875 0.94921875 0.8818359375 0.9296875 0.9443359375 0.92578125 0.95703125 0.9091796875 0.9609375 0.8896484375 0.97265625 0.8798828125 0.966796875 0.7763671875 0.9482421875 0.75
0 0.9453125 0.0986328125 0.9375 0.0537109375 0.9033203125 0.03515625 0.8310546875 0.02734375 0.7802734375 0.041015625 0.763671875 0.0537109375 0.75 0.1103515625 0.7275390625 0.130859375 0.69921875 0.1435546875 0.689453125 0.2021484375 0.6962890625 0.20703125 0.7158203125 0.205078125 0.716796875 0.2177734375 0.7080078125 0.21484375 0.70703125 0.2197265625 0.7490234375 0.23828125 0.7939453125 0.24609375 0.8056640625 0.2421875 0.8212890625 0.25390625 0.865234375 0.2568359375 0.8955078125 0.228515625 0.9208984375 0.220703125 0.9326171875 0.2265625 0.9541015625 0.224609375 0.978515625 0.1943359375 0.978515625 0.1806640625 0.96484375 0.1259765625 0.9453125 0.0986328125
0 0.625 0.7822265625 0.6123046875 0.76171875 0.5419921875 0.74609375 0.4853515625 0.7421875 0.37109375 0.7919921875 0.361328125 0.8134765625 0.359375 0.8681640625 0.34765625 0.9072265625 0.349609375 0.9189453125 0.3935546875 0.9375 0.4443359375 0.94921875 0.4814453125 0.94921875 0.4912109375 0.95703125 0.5078125 0.9580078125 0.5224609375 0.953125 0.537109375 0.9228515625 0.5478515625 0.91796875 0.5615234375 0.916015625 0.5791015625 0.927734375 0.5966796875 0.92578125 0.6328125 0.8818359375 0.625 0.7822265625
0 0.2021484375 0.7265625 0.1708984375 0.728515625 0.1337890625 0.736328125 0.1005859375 0.755859375 0.0732421875 0.751953125 0.056640625 0.7626953125 0.056640625 0.7744140625 0.029296875 0.7998046875 0.015625 0.9228515625 0.0830078125 0.947265625 0.162109375 0.9462890625 0.2060546875 0.91796875 0.2275390625 0.91015625 0.2626953125 0.908203125 0.294921875 0.8779296875 0.2734375 0.7841796875 0.263671875 0.7626953125 0.2392578125 0.734375 0.2021484375 0.7265625
0 0.62890625 0.1123046875 0.583984375 0.0966796875 0.57421875 0.0439453125 0.55859375 0.0341796875 0.5908203125 0.015625 0.5927734375 0 0.5302734375 0.00390625 0.4443359375 0.033203125 0.435546875 0.0517578125 0.4375 0.0751953125 0.4150390625 0.080078125 0.4052734375 0.095703125 0.373046875 0.1103515625 0.353515625 0.1806640625 0.359375 0.2431640625 0.4111328125 0.2578125 0.494140625 0.2626953125 0.5302734375 0.26171875 0.546875 0.2490234375 0.5517578125 0.236328125 0.5986328125 0.2265625 0.6142578125 0.205078125 0.6337890625 0.201171875 0.642578125 0.1923828125 0.62890625 0.1123046875