1 0.6923828125 0.904296875 0.7294921875 0.921875 0.74609375 0.9228515625 0.7646484375 0.921875 0.765625 0.9033203125 0.75 0.8876953125 0.71875 0.8154296875 0.6982421875 0.798828125 0.681640625 0.8291015625 0.67578125 0.8876953125 0.6923828125 0.904296875
1 0.955078125 0.4072265625 0.931640625 0.3603515625 0.8994140625 0.3359375 0.8701171875 0.330078125 0.861328125 0.3095703125 0.8427734375 0.298828125 0.81640625 0.3076171875 0.80859375 0.3310546875 0.7890625 0.3544921875 0.79296875 0.4404296875 0.759765625 0.5009765625 0.748046875 0.5810546875 0.7109375 0.6962890625 0.7197265625 0.71484375 0.7451171875 0.7265625 0.7822265625 0.736328125 0.8046875 0.7353515625 0.826171875 0.7158203125 0.84375 0.6826171875 0.8828125 0.5712890625 0.8984375 0.4990234375 0.9404296875 0.474609375 0.953125 0.4599609375 0.95703125 0.4404296875 0.955078125 0.4072265625
1 0.5849609375 0.640625 0.6572265625 0.677734375 0.666015625 0.6650390625 0.671875 0.6181640625 0.701171875 0.5927734375 0.7109375 0.5712890625 0.73828125 0.5517578125 0.73828125 0.5263671875 0.7265625 0.5009765625 0.6796875 0.4404296875 0.6572265625 0.419921875 0.6201171875 0.404296875 0.5927734375 0.400390625 0.5380859375 0.412109375 0.5068359375 0.4296875 0.470703125 0.4619140625 0.45703125 0.4892578125 0.470703125 0.5498046875 0.505859375 0.5888671875 0.50390625 0.6728515625 0.517578125 0.8642578125 0.5361328125 0.896484375 0.580078125 0.9033203125 0.6015625 0.8916015625 0.599609375 0.8330078125 0.62109375 0.7587890625 0.546875 0.7001953125 0.537109375 0.6845703125 0.537109375 0.6552734375 0.5498046875 0.640625 0.5849609375 0.640625
1 0.421875 0.8564453125 0.4375 0.8642578125 0.4599609375 0.86328125 0.4931640625 0.849609375 0.5078125 0.8369140625 0.51171875 0.8232421875 0.4892578125 0.654296875 0.453125 0.7099609375 0.38671875 0.7744140625 0.421875 0.8564453125
1 0.47265625 0.5615234375 0.453125 0.4951171875 0.466796875 0.4619140625 0.51953125 0.4013671875 0.529296875 0.3466796875 0.5234375 0.3330078125 0.4638671875 0.28125 0.4228515625 0.265625 0.3818359375 0.263671875 0.3427734375 0.271484375 0.3017578125 0.287109375 0.2705078125 0.3203125 0.2548828125 0.318359375 0.25 0.3232421875 0.259765625 0.3681640625 0.3125 0.4365234375 0.337890625 0.5478515625 0.33984375 0.6591796875 0.34765625 0.6845703125 0.353515625 0.6845703125 0.3935546875 0.64453125 0.4326171875 0.6171875 0.4580078125 0.60546875 0.4716796875 0.60546875 0.4853515625 0.615234375 0.4921875 0.6044921875 0.4921875 0.5830078125 0.47265625 0.5615234375
1 0.361328125 0.7958984375 0.3515625 0.8212890625 0.33984375 0.9072265625 0.34375 0.9482421875 0.375 0.9521484375 0.4013671875 0.939453125 0.41015625 0.9306640625 0.40625 0.9267578125 0.419921875 0.9189453125 0.423828125 0.8916015625 0.419921875 0.8623046875 0.3779296875 0.78125 0.361328125 0.7958984375
1 0.2236328125 0.4765625 0.2294921875 0.482421875 0.2529296875 0.484375 0.2685546875 0.46875 0.283203125 0.4658203125 0.2802734375 0.4609375 0.2705078125 0.462890625 0.26171875 0.4443359375 0.2060546875 0.396484375 0.1123046875 0.39453125 0.072265625 0.4248046875 0.044921875 0.4794921875 0.033203125 0.5205078125 0.037109375 0.5751953125 0.0615234375 0.59375 0.1240234375 0.58984375 0.142578125 0.6220703125 0.201171875 0.6904296875 0.2421875 0.7587890625 0.259765625 0.7626953125 0.3095703125 0.7265625 0.341796875 0.6943359375 0.3359375 0.6689453125 0.302734375 0.6025390625 0.2734375 0.5673828125 0.251953125 0.5244140625 0.2109375 0.4814453125 0.2236328125 0.4765625
1 0.705078125 0.7021484375 0.736328125 0.6044921875 0.7353515625 0.560546875 0.7158203125 0.56640625 0.703125 0.5908203125 0.669921875 0.6240234375 0.662109375 0.6787109375 0.6884765625 0.69921875 0.705078125 0.7021484375
1 0.669921875 0.8896484375 0.67578125 0.8291015625 0.6875 0.7919921875 0.6455078125 0.767578125 0.6337890625 0.767578125 0.609375 0.8154296875 0.60546875 0.8681640625 0.6298828125 0.88671875 0.669921875 0.8896484375
1 0.7470703125 0.3046875 0.7431640625 0.296875 0.7119140625 0.29296875 0.6591796875 0.296875 0.6396484375 0.3046875 0.6083984375 0.330078125 0.5830078125 0.337890625 0.572265625 0.3525390625 0.572265625 0.3623046875 0.5849609375 0.369140625 0.6005859375 0.3671875 0.6064453125 0.3984375 0.6650390625 0.423828125 0.73828125 0.5126953125 0.7421875 0.4951171875 0.7734375 0.4716796875 0.7890625 0.4345703125 0.78515625 0.3486328125 0.76953125 0.3154296875 0.767578125 0.2841796875 0.7568359375 0.3046875 0.7470703125 0.3046875
1 0.744140625 0.2373046875 0.6611328125 0.1796875 0.6201171875 0.185546875 0.5791015625 0.20703125 0.5537109375 0.1875 0.5380859375 0.185546875 0.5322265625 0.2109375 0.50390625 0.2119140625 0.5419921875 0.220703125 0.55859375 0.2314453125 0.56640625 0.2568359375 0.587890625 0.2724609375 0.587890625 0.3271484375 0.603515625 0.3271484375 0.6435546875 0.30078125 0.6728515625 0.29296875 0.7333984375 0.296875 0.7568359375 0.3125 0.7685546875 0.3125 0.76953125 0.2900390625 0.748046875 0.2646484375 0.744140625 0.2373046875