0 0.404296875 0.8427734375 0.3740234375 0.826171875 0.357421875 0.8388671875 0.35546875 0.8525390625 0.3828125 0.8564453125 0.3994140625 0.853515625 0.404296875 0.8427734375
0 0.357421875 0.8193359375 0.3671875 0.8154296875 0.3671875 0.7998046875 0.3505859375 0.7734375 0.3251953125 0.7734375 0.298828125 0.7958984375 0.296875 0.8134765625 0.3056640625 0.8203125 0.357421875 0.8193359375
0 0.2744140625 0.833984375 0.2548828125 0.83203125 0.2421875 0.8408203125 0.2548828125 0.86328125 0.29296875 0.8623046875 0.294921875 0.8466796875 0.2744140625 0.833984375
0 0.2314453125 0.82421875 0.2099609375 0.81640625 0.1865234375 0.818359375 0.177734375 0.8251953125 0.1796875 0.8349609375 0.1904296875 0.83984375 0.234375 0.8388671875 0.2314453125 0.82421875
0 0.1318359375 0.759765625 0.1103515625 0.755859375 0.091796875 0.7646484375 0.0966796875 0.779296875 0.12890625 0.7783203125 0.13671875 0.7724609375 0.1318359375 0.759765625
0 0.115234375 0.7490234375 0.1064453125 0.7421875 0.076171875 0.7470703125 0.0791015625 0.759765625 0.09765625 0.7607421875 0.1142578125 0.755859375 0.115234375 0.7490234375
0 0.0673828125 0.775390625 0.0478515625 0.77734375 0.037109375 0.7861328125 0.0419921875 0.796875 0.078125 0.7998046875 0.08203125 0.7880859375 0.0673828125 0.775390625
0 0.099609375 0.8486328125 0.107421875 0.8388671875 0.103515625 0.8271484375 0.115234375 0.8212890625 0.1103515625 0.80078125 0.0947265625 0.8046875 0.0859375 0.8173828125 0.083984375 0.8447265625 0.099609375 0.8486328125
0 0.45703125 0.8232421875 0.458984375 0.8427734375 0.482421875 0.8486328125 0.51171875 0.8408203125 0.51171875 0.8330078125 0.49609375 0.8212890625 0.494140625 0.8056640625 0.4853515625 0.798828125 0.4443359375 0.802734375 0.44140625 0.8193359375 0.45703125 0.8232421875
0 0.591796875 0.8017578125 0.5595703125 0.794921875 0.5390625 0.8037109375 0.5439453125 0.818359375 0.560546875 0.8193359375 0.5888671875 0.81640625 0.591796875 0.8017578125
0 0.634765625 0.8095703125 0.6318359375 0.791015625 0.60546875 0.7998046875 0.6123046875 0.810546875 0.634765625 0.8095703125
0 0.6650390625 0.8203125 0.6220703125 0.818359375 0.615234375 0.8232421875 0.6298828125 0.849609375 0.66796875 0.8544921875 0.67578125 0.8427734375 0.6650390625 0.8203125
0 0.7314453125 0.7890625 0.7216796875 0.787109375 0.69921875 0.7958984375 0.7041015625 0.810546875 0.7421875 0.8134765625 0.744140625 0.7978515625 0.7314453125 0.7890625
0 0.81640625 0.8369140625 0.8056640625 0.826171875 0.7822265625 0.8203125 0.76171875 0.8271484375 0.76171875 0.8369140625 0.7744140625 0.845703125 0.806640625 0.8447265625 0.81640625 0.8369140625
0 0.5498046875 0.853515625 0.5224609375 0.84375 0.501953125 0.8525390625 0.5068359375 0.8671875 0.54296875 0.8701171875 0.552734375 0.8662109375 0.5498046875 0.853515625
0 0.544921875 0.8310546875 0.5517578125 0.84375 0.580078125 0.8427734375 0.58203125 0.8330078125 0.5673828125 0.822265625 0.544921875 0.8310546875
0 0.587890625 0.8857421875 0.580078125 0.8681640625 0.5615234375 0.865234375 0.556640625 0.8701171875 0.55859375 0.8916015625 0.5634765625 0.896484375 0.583984375 0.8955078125 0.587890625 0.8857421875
0 0.7412109375 0.916015625 0.748046875 0.9052734375 0.7255859375 0.88671875 0.6923828125 0.88671875 0.68359375 0.8935546875 0.67578125 0.9189453125 0.697265625 0.9208984375 0.7412109375 0.916015625
0 0.8330078125 0.884765625 0.849609375 0.8935546875 0.86328125 0.8876953125 0.865234375 0.8662109375 0.8583984375 0.8515625 0.8408203125 0.84765625 0.822265625 0.8623046875 0.818359375 0.8837890625 0.8212890625 0.890625 0.8330078125 0.884765625
0 0.037109375 0.7431640625 0.0458984375 0.724609375 0.0654296875 0.72265625 0.0703125 0.7138671875 0.0517578125 0.69921875 0.0380859375 0.69921875 0.01171875 0.7353515625 0.0166015625 0.744140625 0.037109375 0.7431640625
0 0.0244140625 0.81640625 0.0107421875 0.810546875 0 0.8134765625 0.0009765625 0.833984375 0.02734375 0.8349609375 0.029296875 0.8212890625 0.0244140625 0.81640625
0 0.05078125 0.8974609375 0.052734375 0.8779296875 0.046875 0.8662109375 0.0380859375 0.861328125 0.0224609375 0.865234375 0.017578125 0.8720703125 0.021484375 0.8916015625 0.0322265625 0.8984375 0.05078125 0.8974609375
0 0.638671875 0.5986328125 0.6201171875 0.59375 0.609375 0.6064453125 0.611328125 0.6181640625 0.634765625 0.6201171875 0.640625 0.6162109375 0.638671875 0.5986328125
0 0.470703125 0.6591796875 0.4658203125 0.654296875 0.4541015625 0.65625 0.44921875 0.6611328125 0.451171875 0.6767578125 0.4638671875 0.6875 0.482421875 0.6923828125 0.470703125 0.6591796875
0 0.888671875 0.6494140625 0.8564453125 0.650390625 0.84765625 0.6767578125 0.8515625 0.6943359375 0.888671875 0.6962890625 0.89453125 0.6845703125 0.888671875 0.6494140625