0 0.06640625 0.8916015625 0.0703125 0.8779296875 0.0576171875 0.873046875 0.05859375 0.8896484375 0.06640625 0.8916015625
0 0.8125 0.7783203125 0.7880859375 0.77734375 0.783203125 0.7822265625 0.78515625 0.7958984375 0.802734375 0.7998046875 0.814453125 0.7958984375 0.8125 0.7783203125
0 0.77734375 0.8154296875 0.7587890625 0.80859375 0.75 0.8212890625 0.751953125 0.8408203125 0.767578125 0.8408203125 0.779296875 0.8310546875 0.77734375 0.8154296875
0 0.962890625 0.7158203125 0.9697265625 0.728515625 1 0.7294921875 0.9970703125 0.69921875 0.966796875 0.7021484375 0.962890625 0.7158203125
0 0.4033203125 0.8046875 0.3603515625 0.80078125 0.3515625 0.8095703125 0.3603515625 0.822265625 0.39453125 0.8232421875 0.40625 0.8154296875 0.4033203125 0.8046875
0 0.978515625 0.7548828125 0.978515625 0.7412109375 0.9736328125 0.734375 0.9541015625 0.732421875 0.939453125 0.7529296875 0.9521484375 0.765625 0.970703125 0.7666015625 0.978515625 0.7548828125
0 0.7626953125 0.744140625 0.767578125 0.7275390625 0.7333984375 0.720703125 0.716796875 0.7294921875 0.71484375 0.7392578125 0.7216796875 0.74609375 0.736328125 0.7451171875 0.7626953125 0.744140625
0 0.7158203125 0.837890625 0.6865234375 0.83203125 0.66015625 0.8486328125 0.6650390625 0.865234375 0.697265625 0.8642578125 0.71875 0.8564453125 0.7158203125 0.837890625
0 0.970703125 0.7958984375 0.947265625 0.8212890625 0.9521484375 0.828125 0.97265625 0.8271484375 0.9921875 0.8193359375 0.99609375 0.8037109375 0.990234375 0.7919921875 0.99609375 0.7822265625 0.9638671875 0.771484375 0.943359375 0.7841796875 0.9482421875 0.791015625 0.970703125 0.7958984375
0 0.529296875 0.8759765625 0.5341796875 0.88671875 0.560546875 0.8857421875 0.5751953125 0.8828125 0.578125 0.8623046875 0.595703125 0.8564453125 0.59375 0.8369140625 0.5810546875 0.828125 0.5517578125 0.837890625 0.546875 0.8662109375 0.529296875 0.8759765625
0 0.517578125 0.7744140625 0.5126953125 0.765625 0.4951171875 0.765625 0.48046875 0.7822265625 0.4765625 0.8056640625 0.4853515625 0.8125 0.517578125 0.8134765625 0.5419921875 0.810546875 0.546875 0.7900390625 0.5263671875 0.77734375 0.5166015625 0.79296875 0.5029296875 0.796875 0.5 0.7841796875 0.5146484375 0.783203125 0.517578125 0.7744140625
0 0.8818359375 0.71875 0.8818359375 0.712890625 0.90625 0.7158203125 0.90625 0.6923828125 0.8896484375 0.6796875 0.875 0.6884765625 0.87109375 0.7060546875 0.861328125 0.7119140625 0.8583984375 0.732421875 0.8310546875 0.732421875 0.826171875 0.7373046875 0.828125 0.7470703125 0.837890625 0.7529296875 0.83984375 0.7666015625 0.857421875 0.7744140625 0.8603515625 0.76953125 0.890625 0.7666015625 0.8876953125 0.75 0.859375 0.7412109375 0.8623046875 0.734375 0.890625 0.7333984375 0.890625 0.7197265625 0.8818359375 0.71875
0 0.78515625 0.6513671875 0.794921875 0.6611328125 0.78125 0.6728515625 0.78515625 0.6865234375 0.765625 0.7080078125 0.765625 0.7197265625 0.78125 0.7255859375 0.8125 0.7216796875 0.81640625 0.6767578125 0.8046875 0.6591796875 0.82421875 0.6552734375 0.81640625 0.6376953125 0.7958984375 0.625 0.78125 0.6337890625 0.78515625 0.6513671875
0 0.697265625 0.7509765625 0.69921875 0.7080078125 0.7158203125 0.705078125 0.720703125 0.6904296875 0.7099609375 0.6875 0.7041015625 0.697265625 0.697265625 0.6787109375 0.697265625 0.5947265625 0.703125 0.5908203125 0.703125 0.5732421875 0.6923828125 0.564453125 0.6728515625 0.5625 0.671875 0.5439453125 0.6591796875 0.54296875 0.6533203125 0.53125 0.6201171875 0.529296875 0.59375 0.5634765625 0.59765625 0.6865234375 0.5576171875 0.705078125 0.55078125 0.7158203125 0.5625 0.7412109375 0.58203125 0.7587890625 0.583984375 0.7958984375 0.6240234375 0.798828125 0.611328125 0.8134765625 0.611328125 0.8251953125 0.634765625 0.8271484375 0.6650390625 0.822265625 0.669921875 0.8095703125 0.6630859375 0.798828125 0.7158203125 0.794921875 0.720703125 0.7900390625 0.716796875 0.7587890625 0.7021484375 0.7578125 0.697265625 0.7509765625