0 0.1552734375 0.9140625 0.0576171875 0.93359375 0.052734375 0.9404296875 0.0546875 0.9736328125 0.0751953125 0.978515625 0.0810546875 0.98828125 0.095703125 0.9873046875 0.1025390625 0.9765625 0.1123046875 0.974609375 0.1650390625 0.96875 0.1923828125 0.974609375 0.2109375 0.9560546875 0.20703125 0.9267578125 0.1923828125 0.9140625 0.1552734375 0.9140625
0 0.099609375 0.8564453125 0.099609375 0.8681640625 0.1123046875 0.884765625 0.1484375 0.8974609375 0.1630859375 0.884765625 0.2080078125 0.875 0.2255859375 0.880859375 0.248046875 0.8583984375 0.248046875 0.8447265625 0.2236328125 0.826171875 0.1884765625 0.82421875 0.099609375 0.8564453125
0 0.05078125 0.7939453125 0.0830078125 0.810546875 0.0947265625 0.810546875 0.1005859375 0.80078125 0.1630859375 0.80078125 0.1708984375 0.8125 0.18359375 0.8115234375 0.1904296875 0.80078125 0.2109375 0.7958984375 0.2099609375 0.751953125 0.1435546875 0.744140625 0.0947265625 0.74609375 0.0634765625 0.755859375 0.05078125 0.7763671875 0.05078125 0.7939453125
0 0.16796875 0.6494140625 0.1396484375 0.66796875 0.0927734375 0.6640625 0.0625 0.6728515625 0.05859375 0.7041015625 0.0634765625 0.712890625 0.1630859375 0.720703125 0.17578125 0.7119140625 0.181640625 0.6826171875 0.1865234375 0.681640625 0.1875 0.7080078125 0.197265625 0.7236328125 0.2080078125 0.73046875 0.220703125 0.7294921875 0.232421875 0.7216796875 0.236328125 0.6923828125 0.203125 0.6748046875 0.197265625 0.6494140625 0.1767578125 0.626953125 0.142578125 0.6318359375 0.1611328125 0.638671875 0.16796875 0.6494140625
0 0.3095703125 0.765625 0.3046875 0.7744140625 0.318359375 0.8037109375 0.3330078125 0.814453125 0.345703125 0.8134765625 0.3525390625 0.806640625 0.4072265625 0.796875 0.4306640625 0.802734375 0.44921875 0.7880859375 0.453125 0.7744140625 0.4345703125 0.755859375 0.4052734375 0.748046875 0.3095703125 0.765625
0 0.458984375 0.6884765625 0.443359375 0.6728515625 0.466796875 0.6650390625 0.458984375 0.6513671875 0.4609375 0.6357421875 0.4501953125 0.634765625 0.4404296875 0.65234375 0.4130859375 0.66796875 0.37109375 0.6416015625 0.388671875 0.6298828125 0.3779296875 0.615234375 0.3623046875 0.619140625 0.34375 0.6689453125 0.328125 0.6748046875 0.330078125 0.6865234375 0.314453125 0.7001953125 0.31640625 0.7197265625 0.3291015625 0.728515625 0.341796875 0.7275390625 0.357421875 0.7138671875 0.3564453125 0.69140625 0.3818359375 0.708984375 0.3916015625 0.724609375 0.3984375 0.7216796875 0.4013671875 0.70703125 0.4482421875 0.70703125 0.458984375 0.6884765625
0 0.6396484375 0.72265625 0.6728515625 0.712890625 0.669921875 0.6767578125 0.6630859375 0.669921875 0.6474609375 0.673828125 0.6416015625 0.66796875 0.6220703125 0.66796875 0.5830078125 0.673828125 0.5615234375 0.666015625 0.55859375 0.6611328125 0.572265625 0.6533203125 0.5546875 0.6474609375 0.564453125 0.6357421875 0.5537109375 0.6328125 0.53515625 0.6474609375 0.5234375 0.6865234375 0.494140625 0.7021484375 0.498046875 0.7236328125 0.517578125 0.7314453125 0.537109375 0.7158203125 0.533203125 0.6943359375 0.5439453125 0.6875 0.548828125 0.6884765625 0.5615234375 0.72265625 0.5888671875 0.728515625 0.6123046875 0.71875 0.6396484375 0.72265625
0 0.865234375 0.6298828125 0.87890625 0.6474609375 0.8349609375 0.67578125 0.7958984375 0.6640625 0.78515625 0.6435546875 0.7763671875 0.642578125 0.779296875 0.6669921875 0.7685546875 0.66796875 0.759765625 0.6767578125 0.7626953125 0.68359375 0.7802734375 0.6796875 0.79296875 0.6865234375 0.7734375 0.7021484375 0.775390625 0.7216796875 0.7900390625 0.732421875 0.8330078125 0.716796875 0.8642578125 0.71875 0.8798828125 0.7109375 0.8896484375 0.693359375 0.8984375 0.6943359375 0.8984375 0.7236328125 0.9111328125 0.732421875 0.927734375 0.7314453125 0.9375 0.7216796875 0.9375 0.7060546875 0.919921875 0.6904296875 0.92578125 0.6826171875 0.912109375 0.6748046875 0.900390625 0.6259765625 0.8876953125 0.615234375 0.865234375 0.6298828125
0 0.7685546875 0.76171875 0.763671875 0.7724609375 0.76953125 0.7958984375 0.7783203125 0.796875 0.7919921875 0.814453125 0.80078125 0.8134765625 0.810546875 0.8095703125 0.8154296875 0.796875 0.8857421875 0.80859375 0.91015625 0.7919921875 0.908203125 0.7685546875 0.8916015625 0.748046875 0.8427734375 0.748046875 0.7685546875 0.76171875
0 0.8701171875 0.8359375 0.8310546875 0.845703125 0.826171875 0.8623046875 0.83203125 0.8720703125 0.8603515625 0.896484375 0.876953125 0.8994140625 0.9072265625 0.8828125 0.9580078125 0.8828125 0.982421875 0.8623046875 0.98046875 0.8525390625 0.9619140625 0.828125 0.9443359375 0.8203125 0.8798828125 0.828125 0.8701171875 0.8359375
0 0.7861328125 0.919921875 0.765625 0.9404296875 0.765625 0.9638671875 0.7880859375 0.98046875 0.8046875 0.9814453125 0.8232421875 0.96875 0.8720703125 0.96875 0.8818359375 0.978515625 0.8955078125 0.978515625 0.9287109375 0.96484375 0.9296875 0.9228515625 0.9150390625 0.9140625 0.7861328125 0.919921875
0 0.5908203125 0.84765625 0.583984375 0.8544921875 0.5888671875 0.87109375 0.630859375 0.8935546875 0.6513671875 0.87890625 0.7001953125 0.87890625 0.724609375 0.8564453125 0.72265625 0.8447265625 0.7041015625 0.83203125 0.6494140625 0.830078125 0.6259765625 0.841796875 0.5908203125 0.84765625
0 0.6201171875 0.74609375 0.5517578125 0.763671875 0.544921875 0.7705078125 0.55078125 0.8037109375 0.5859375 0.8134765625 0.6064453125 0.80078125 0.6474609375 0.79296875 0.6748046875 0.794921875 0.689453125 0.7744140625 0.68359375 0.7568359375 0.6748046875 0.74609375 0.6611328125 0.7421875 0.6201171875 0.74609375
0 0.3837890625 0.880859375 0.4228515625 0.880859375 0.4580078125 0.8828125 0.4677734375 0.892578125 0.478515625 0.8916015625 0.50390625 0.8779296875 0.5107421875 0.833984375 0.3857421875 0.830078125 0.3603515625 0.837890625 0.33984375 0.8662109375 0.3427734375 0.875 0.3681640625 0.888671875 0.3837890625 0.880859375
0 0.302734375 0.9326171875 0.30078125 0.9443359375 0.3134765625 0.96484375 0.3291015625 0.97265625 0.3515625 0.9736328125 0.3603515625 0.966796875 0.4150390625 0.9609375 0.4345703125 0.96875 0.453125 0.9482421875 0.4326171875 0.916015625 0.3564453125 0.9140625 0.3232421875 0.919921875 0.302734375 0.9326171875
0 0.548828125 0.9482421875 0.548828125 0.9599609375 0.5634765625 0.97265625 0.6015625 0.9775390625 0.6240234375 0.9609375 0.6494140625 0.955078125 0.6708984375 0.9609375 0.693359375 0.9384765625 0.6953125 0.9287109375 0.6708984375 0.912109375 0.6181640625 0.912109375 0.548828125 0.9482421875