0 0.9833984375 0.6953125 0.9638671875 0.6875 0.9248046875 0.6875 0.9091796875 0.70703125 0.8876953125 0.7109375 0.8759765625 0.7265625 0.869140625 0.7255859375 0.87109375 0.7119140625 0.865234375 0.7001953125 0.8525390625 0.693359375 0.8349609375 0.73046875 0.8115234375 0.734375 0.796875 0.7451171875 0.794921875 0.7626953125 0.8037109375 0.775390625 0.8427734375 0.77734375 0.8916015625 0.794921875 0.904296875 0.7939453125 0.9560546875 0.78125 0.96875 0.7626953125 0.96484375 0.7529296875 1 0.7294921875 0.98828125 0.7021484375 0.994140625 0.6884765625 0.9873046875 0.6796875 0.9833984375 0.6953125
0 0.779296875 0.6044921875 0.78125 0.5791015625 0.7724609375 0.568359375 0.7294921875 0.5703125 0.705078125 0.6025390625 0.7099609375 0.6171875 0.748046875 0.6162109375 0.779296875 0.6044921875
0 0.8515625 0.6279296875 0.8671875 0.6201171875 0.880859375 0.6005859375 0.8779296875 0.595703125 0.8427734375 0.591796875 0.8134765625 0.607421875 0.806640625 0.6181640625 0.8173828125 0.62890625 0.8515625 0.6279296875
0 0.92578125 0.6123046875 0.9208984375 0.5859375 0.869140625 0.5927734375 0.87890625 0.6005859375 0.8671875 0.6181640625 0.8671875 0.6318359375 0.8828125 0.6318359375 0.92578125 0.6123046875
0 0.4208984375 0.91796875 0.451171875 0.9169921875 0.4716796875 0.916015625 0.48046875 0.9091796875 0.478515625 0.8544921875 0.4697265625 0.84765625 0.4365234375 0.845703125 0.4111328125 0.85546875 0.41015625 0.9111328125 0.4208984375 0.91796875
0 0.3828125 0.7841796875 0.390625 0.8291015625 0.416015625 0.8544921875 0.4365234375 0.845703125 0.47265625 0.8466796875 0.470703125 0.8232421875 0.455078125 0.8037109375 0.44921875 0.7783203125 0.4345703125 0.765625 0.3896484375 0.76953125 0.3828125 0.7841796875
0 0.5341796875 0.8046875 0.5498046875 0.802734375 0.5634765625 0.8203125 0.5703125 0.8193359375 0.619140625 0.8115234375 0.6171875 0.7783203125 0.603515625 0.7666015625 0.6015625 0.7431640625 0.5947265625 0.73828125 0.5576171875 0.73828125 0.53125 0.7822265625 0.5341796875 0.8046875
0 0.66796875 0.8779296875 0.6923828125 0.888671875 0.7021484375 0.908203125 0.720703125 0.9091796875 0.7275390625 0.904296875 0.7705078125 0.90234375 0.77734375 0.8857421875 0.76953125 0.8408203125 0.7294921875 0.80859375 0.6982421875 0.818359375 0.666015625 0.8525390625 0.66796875 0.8779296875
0 0.6455078125 0.86328125 0.654296875 0.8623046875 0.6953125 0.8251953125 0.6953125 0.8193359375 0.6767578125 0.8046875 0.6513671875 0.8046875 0.6171875 0.8154296875 0.6171875 0.8369140625 0.6337890625 0.845703125 0.6455078125 0.86328125
0 0.7724609375 0.810546875 0.8173828125 0.83203125 0.83203125 0.8310546875 0.8779296875 0.826171875 0.884765625 0.8076171875 0.8720703125 0.794921875 0.8525390625 0.796875 0.8291015625 0.77734375 0.771484375 0.7861328125 0.767578125 0.8056640625 0.7724609375 0.810546875
0 0.8955078125 0.837890625 0.869140625 0.8408203125 0.8779296875 0.875 0.9306640625 0.8828125 0.9482421875 0.896484375 0.95703125 0.8955078125 0.9658203125 0.888671875 1 0.8837890625 0.9990234375 0.845703125 0.9697265625 0.8359375 0.9384765625 0.8359375 0.9052734375 0.822265625 0.89453125 0.8271484375 0.8955078125 0.837890625
0 0.69140625 0.7587890625 0.689453125 0.7470703125 0.6689453125 0.73046875 0.677734375 0.7587890625 0.69140625 0.7587890625
0 0.7255859375 0.705078125 0.751953125 0.7470703125 0.76171875 0.7490234375 0.771484375 0.7412109375 0.76953125 0.7177734375 0.7255859375 0.705078125
0 0.7236328125 0.654296875 0.76953125 0.6552734375 0.7783203125 0.64453125 0.794921875 0.6416015625 0.794921875 0.6279296875 0.7861328125 0.61328125 0.7607421875 0.611328125 0.7353515625 0.619140625 0.71875 0.6357421875 0.7236328125 0.654296875
0 1 0.8115234375 0.9990234375 0.78125 0.9775390625 0.783203125 0.9609375 0.7919921875 0.9638671875 0.8046875 0.9775390625 0.814453125 0.986328125 0.8134765625 1 0.8115234375